binstart_x 500
binstart_y 0
binwidth 3050
binheight 2030
rotation 4
use_hole false
population_size 10
mutation_rate 10
spacing 10
bid 0
191.355 3759.33
166.913 3725.69
130.902 3704.89
89.5472 3700.55
50 3713.4
19.0983 3741.22
2.18524 3779.21
2.18524 3820.79
19.0983 3858.78
50 3886.6
89.5471 3899.45
130.902 3895.11
166.913 3874.31
191.355 3840.67
200 3800
end
bid 1
791.355 3659.33
766.913 3625.69
730.902 3604.89
689.547 3600.55
650 3613.4
619.098 3641.22
602.185 3679.21
602.185 3720.79
619.098 3758.78
650 3786.6
689.547 3799.45
730.902 3795.11
766.913 3774.31
791.355 3740.67
800 3700
end
bid 2
-200 4200
-200 4500
700 4500
700 4200
-200 4200
end
